# ra dec
7.521702 -73.913918
7.746443 -73.741425
7.925977 -73.53167
7.948884 -73.599243
7.980047 -73.578545
7.981742 -73.585571
8.228736 -73.821953
8.560188 -73.619049
8.637665 -73.873337
8.763608 -73.549622
8.763859 -74.203384
8.77266 -74.151146
8.989162 -73.734062
9.124077 -73.918602
9.27237 -73.437759
9.380191 -74.411057
9.490297 -73.511185
9.497994 -73.460907
9.508638 -73.630348
9.526143 -73.780037
9.530862 -73.742409
9.563685 -73.017746
9.57867 -73.525597
9.800761 -72.943527
9.818972 -72.032875
10.190774 -72.673569
10.191936 -73.717102
10.431021 -73.72332
10.512744 -73.888428
10.598432 -73.412109
10.618245 -73.460747
10.721161 -73.596092
10.745516 -73.29184
10.95191 -73.613548
11.004765 -72.995163
11.045316 -73.212608
11.12775 -73.016106
11.210925 -72.885483
11.325652 -73.256996
11.399051 -73.293671
11.476636 -72.93116
11.510007 -73.350014
11.554412 -72.935364
11.624906 -72.593178
11.642234 -72.821014
11.666625 -73.208763
11.692539 -73.666313
11.721182 -72.714394
11.743508 -72.273781
11.753848 -73.370476
11.760545 -72.919182
11.782004 -73.745392
11.78622 -73.236649
11.793363 -72.96051
11.805479 -72.704842
11.821116 -73.449043
11.871639 -73.027054
11.912048 -73.381645
11.938212 -73.307259
11.955413 -73.095612
11.959739 -73.239655
11.963402 -73.287605
11.992086 -72.815269
12.00486 -73.387062
12.009524 -73.403946
12.026228 -73.110535
12.036872 -73.505272
12.078882 -73.249702
12.100888 -73.225922
12.115704 -73.446945
12.129686 -73.191269
12.132593 -72.986565
12.138712 -73.209274
12.144304 -73.154884
12.146544 -72.369522
12.158935 -73.246552
12.189284 -72.924294
12.257829 -72.901375
12.274476 -73.195107
12.299215 -72.692955
12.302837 -73.392799
12.314714 -73.202988
12.319302 -73.147079
12.364528 -72.680344
12.385136 -72.487221
12.393755 -72.881355
12.403304 -73.465042
12.419711 -73.236916
12.42137 -72.301399
12.422279 -73.237427
12.43541 -73.33667
12.439296 -72.879936
12.443462 -72.462852
12.449533 -73.411659
12.482258 -73.047455
12.488276 -72.405502
12.490582 -73.66832
12.498361 -73.07341
12.501577 -72.983681
12.503212 -71.835449
12.54733 -72.189705
12.549769 -73.354309
12.554437 -73.286179
12.56634 -73.169647
12.569629 -73.138657
12.575341 -72.455956
12.585205 -73.124901
12.588534 -73.102638
12.603344 -72.000328
12.619976 -72.752563
12.620275 -73.120697
12.629437 -72.872421
12.638301 -72.962532
12.654134 -73.12825
12.669093 -72.834183
12.694161 -72.241043
12.706621 -72.698372
12.708537 -73.394318
12.741672 -73.285706
12.758097 -73.268562
12.779685 -72.998734
12.788992 -72.809959
12.799192 -73.278519
12.799663 -72.471596
12.806897 -72.550446
12.816462 -73.159111
12.822944 -73.282799
12.826005 -72.723526
12.833997 -73.136757
12.852453 -72.382942
12.857086 -72.763344
12.858666 -72.888458
12.883954 -73.309235
12.895854 -72.992508
12.90685 -72.433243
12.909401 -72.790192
12.911544 -72.972351
12.914673 -73.308701
12.9154 -73.232407
12.921972 -72.933441
12.941341 -72.59816
12.999333 -72.766563
12.999947 -73.059242
13.001509 -73.0895
13.004298 -72.965843
13.015799 -71.944138
13.016882 -72.741058
13.021573 -72.123528
13.033491 -72.280327
13.038654 -72.99086
13.046056 -73.343498
13.048194 -73.329536
13.050167 -72.627411
13.051069 -72.727928
13.051435 -73.310753
13.068365 -73.705978
13.079881 -71.911369
13.089044 -72.665497
13.094174 -72.664154
13.104091 -72.684158
13.110996 -72.624344
13.114879 -73.315651
13.127266 -72.319092
13.1284 -73.220673
13.131268 -72.193748
13.138695 -72.397324
13.1457 -72.433815
13.14854 -72.851479
13.162501 -73.009697
13.163567 -72.740128
13.168679 -72.838676
13.1687 -72.745171
13.169555 -72.756119
13.173921 -73.065315
13.182248 -72.03167
13.189993 -73.073402
13.201415 -72.968979
13.209195 -72.222206
13.211746 -72.775291
13.213406 -73.114868
13.220664 -72.478584
13.230858 -71.694115
13.233808 -72.232277
13.23675 -71.917572
13.237359 -72.394661
13.241423 -72.580956
13.242589 -72.397987
13.245275 -73.139763
13.249078 -73.441971
13.256099 -72.399757
13.256905 -72.508492
13.259931 -72.498817
13.268429 -72.562134
13.270706 -72.872025
13.279305 -72.171394
13.285954 -72.136147
13.306341 -72.267021
13.309965 -72.641273
13.315513 -72.367493
13.316536 -73.259033
13.327935 -72.551033
13.328623 -73.073029
13.329248 -71.703796
13.33919 -72.287971
13.339863 -71.844383
13.345563 -72.413216
13.348422 -72.783722
13.350006 -73.11042
13.357728 -72.371582
13.358685 -72.489899
13.378453 -73.231285
13.378894 -72.532722
13.38787 -72.580917
13.394229 -73.092438
13.398197 -71.850502
13.4006 -73.238937
13.405291 -72.398819
13.407487 -72.422089
13.407679 -72.54425
13.409233 -72.809013
13.412949 -72.393631
13.413244 -72.062836
13.415298 -72.535828
13.417518 -72.521034
13.417728 -72.409355
13.42474 -72.908089
13.427622 -72.287094
13.433085 -72.089363
13.440647 -72.894165
13.442446 -72.531502
13.446713 -73.248802
13.470145 -71.632614
13.477901 -72.437256
13.485679 -72.911011
13.495741 -72.362373
13.495896 -72.262009
13.507475 -72.317116
13.511337 -73.25885
13.525363 -73.061119
13.531955 -72.380341
13.540397 -72.374336
13.567612 -72.239929
13.576145 -72.372658
13.59046 -72.508453
13.592742 -72.338356
13.607425 -72.626091
13.610954 -72.679138
13.611973 -72.883247
13.615561 -72.266136
13.620808 -72.742271
13.627097 -72.570183
13.638384 -72.180771
13.648799 -72.665016
13.653195 -72.309631
13.65933 -72.601669
13.672227 -73.240891
13.672755 -72.237221
13.67278 -72.486137
13.673452 -73.128853
13.692348 -72.222366
13.693553 -72.46489
13.698917 -71.760323
13.699284 -71.76387
13.699347 -71.414688
13.701472 -72.723511
13.70945 -73.0466
13.712406 -73.099899
13.714178 -72.567146
13.726891 -73.15094
13.761648 -72.768044
13.767206 -72.472443
13.77444 -72.180992
13.784495 -72.567459
13.789353 -72.515457
13.79491 -72.45266
13.802364 -72.436417
13.803228 -72.51178
13.813378 -72.33728
13.841566 -71.789406
13.843193 -72.277374
13.853873 -71.98201
13.863108 -71.555687
13.865672 -72.729294
13.869121 -72.487114
13.875625 -72.480446
13.888837 -72.98156
13.89679 -72.545395
13.924053 -72.303223
13.939563 -72.278679
13.948352 -72.658638
13.952626 -73.043114
13.972648 -72.196625
13.982381 -72.452698
13.983587 -71.984108
13.995879 -71.522568
13.998293 -72.175369
14.002332 -72.83284
14.004046 -72.460983
14.007276 -72.499931
14.018476 -71.629814
14.029873 -72.470512
14.037303 -72.277908
14.045771 -72.44059
14.057666 -72.04567
14.057833 -72.459015
14.061519 -72.42244
14.075 -72.463905
14.087205 -72.84552
14.090327 -72.459961
14.091104 -72.464333
14.094011 -72.476639
14.099992 -72.487503
14.10552 -72.471741
14.110164 -73.473137
14.113846 -72.468483
14.115696 -73.507523
14.127534 -72.231476
14.128729 -71.77256
14.129824 -72.152824
14.148048 -72.254349
14.156336 -72.027702
14.15696 -72.781036
14.159138 -72.310638
14.163603 -71.844841
14.164053 -72.755936
14.19015 -72.242996
14.200639 -71.179138
14.230442 -72.405762
14.240453 -71.931976
14.241053 -72.531876
14.241137 -71.940659
14.242771 -72.521553
14.255295 -72.14254
14.264679 -72.334267
14.267084 -72.149261
14.268831 -72.494507
14.270352 -72.241432
14.276385 -72.254517
14.299565 -72.369591
14.311585 -71.504509
14.338515 -72.110527
14.347047 -72.02668
14.37155 -72.161362
14.385288 -72.100685
14.391292 -72.070297
14.408075 -72.058754
14.440073 -72.026474
14.44261 -72.705765
14.472133 -72.412888
14.472561 -72.083511
14.481763 -72.422295
14.487046 -73.562134
14.504971 -71.613731
14.506239 -72.594238
14.507126 -72.326561
14.521509 -72.216705
14.558781 -71.969238
14.596641 -72.359787
14.603494 -72.42289
14.650906 -72.204704
14.689378 -72.276627
14.698428 -71.942085
14.71651 -72.348312
14.722887 -72.360008
14.724634 -72.20134
14.727953 -72.849892
14.729435 -72.552078
14.733524 -71.976097
14.739664 -72.288078
14.775518 -71.783722
14.79997 -72.576653
14.804474 -72.377014
14.821316 -71.810242
14.871415 -72.017967
14.872271 -72.330978
14.896359 -72.241386
14.916991 -72.226891
14.918924 -72.348892
14.925954 -72.163506
14.953141 -72.273399
14.966761 -71.671074
14.978644 -72.218468
15.005334 -72.48336
15.007992 -72.017464
15.014473 -71.961395
15.026778 -72.428185
15.039916 -72.566467
15.047952 -72.024902
15.051331 -72.155411
15.054616 -72.334679
15.056647 -72.352814
15.098814 -72.631149
15.138538 -72.563477
15.145673 -72.366623
15.154256 -72.690392
15.201425 -73.687996
15.210984 -72.48114
15.237393 -71.930885
15.261213 -72.198441
15.267479 -72.440582
15.275109 -72.626404
15.287348 -72.262398
15.302052 -72.268593
15.337624 -71.502335
15.340866 -71.954842
15.444264 -72.437416
15.444664 -72.562927
15.456195 -72.095955
15.489279 -72.071449
15.532258 -72.292458
15.554542 -72.939476
15.61304 -72.279282
15.645905 -72.505547
15.646989 -72.192581
15.656626 -71.275955
15.658785 -72.135178
15.664665 -71.832069
15.664685 -72.301323
15.666333 -72.190926
15.679321 -72.123909
15.705051 -72.156441
15.706694 -72.1707
15.727274 -72.545883
15.739019 -73.128609
15.752757 -72.503365
15.771704 -72.154785
15.781884 -72.210083
15.787205 -71.930763
15.841267 -72.84407
15.845589 -72.603508
15.856523 -72.042595
15.886565 -72.41571
15.898766 -72.283546
15.934614 -72.539604
15.940762 -72.818794
15.947997 -72.071434
15.954565 -73.712296
15.977364 -72.827797
15.979622 -72.046432
15.993419 -71.90551
15.995159 -72.385849
16.024857 -73.818291
16.029622 -72.642746
16.050177 -72.978088
16.101214 -72.178276
16.103029 -72.009552
16.110107 -72.651344
16.113623 -72.547836
16.114842 -72.595474
16.148901 -72.070976
16.180614 -71.649818
16.197788 -72.044441
16.230061 -72.513527
16.233804 -72.251961
16.24057 -72.385185
16.264754 -72.108932
16.297483 -72.724457
16.299472 -71.72628
16.352517 -72.924828
16.370598 -72.67263
16.382862 -72.763603
16.445653 -71.772797
16.457567 -72.369637
16.491363 -71.320442
16.537387 -72.402466
16.553088 -72.631592
16.562863 -72.560211
16.563437 -72.591248
16.571746 -72.462975
16.573929 -72.243042
16.671322 -72.896004
16.757307 -73.177071
16.791081 -73.498528
16.823183 -73.22393
16.834747 -72.852707
16.846935 -72.442535
16.859741 -72.364197
16.875432 -72.409515
16.897636 -72.276939
16.956915 -72.214272
16.976536 -72.683044
16.982439 -72.673393
17.022895 -72.14518
17.030683 -71.81395
17.048329 -72.521729
17.051814 -71.691063
17.061598 -72.624634
17.063286 -72.503166
17.121713 -72.45359
17.226705 -73.999603
17.22848 -72.414505
17.314073 -72.275597
17.321614 -71.556213
17.334506 -71.411934
17.354747 -72.260063
17.404208 -73.30085
17.552019 -72.62529
17.581409 -73.300209
17.622524 -73.28093
17.62284 -72.826271
17.629456 -73.466484
17.689535 -73.286728
17.793628 -73.086525
17.831687 -72.474892
17.839703 -71.217178
17.855835 -73.284515
17.881686 -73.579437
18.112667 -71.441185
18.146575 -73.159828
18.18153 -73.294205
18.189286 -72.072845
18.234879 -73.533585
18.263969 -73.205635
18.284948 -73.339905
18.288232 -72.890564
18.325872 -73.363472
18.40252 -72.920547
18.409569 -73.278755
18.475151 -73.397247
18.47522 -72.861008
18.59014 -73.212502
18.616893 -72.664871
18.6571 -71.876244
18.69335 -73.35096
18.752301 -73.799683
18.756336 -73.666168
18.79781 -73.142822
18.861405 -73.337494
18.869048 -73.260292
19.104533 -73.146667
19.146585 -73.382652
19.219859 -73.216873
19.242433 -73.71965
19.275741 -73.647217
19.3377 -73.595901
19.345612 -73.35466
19.363246 -72.677254
19.417553 -73.202896
19.435629 -73.481575
19.470878 -73.62368
19.476828 -73.834572
19.917681 -73.335297
19.928189 -73.5327
68.923506 -72.361092
69.433509 -69.584549
69.807742 -71.735428
70.332642 -70.115997
70.510723 -70.524918
70.535779 -67.44735
70.779561 -70.458649
70.940366 -68.140968
70.956826 -69.304626
71.327625 -69.27739
71.40502 -70.251076
71.533928 -68.915482
71.805187 -69.694618
71.888462 -69.242455
71.975142 -69.179344
72.030049 -69.468002
72.255617 -68.976868
72.268664 -68.907272
72.296492 -68.828819
72.30168 -69.456535
72.306186 -69.787003
72.308488 -68.96991
72.329389 -69.431839
72.47404 -69.754547
72.485769 -69.755859
72.513294 -68.259689
72.569551 -69.969131
72.572915 -69.397163
72.593866 -69.332047
72.63174 -69.56562
72.654389 -69.99234
72.662716 -69.983589
72.664564 -69.990669
72.667214 -69.712425
72.676501 -69.492973
72.717658 -69.672447
72.73027 -69.984634
72.732719 -69.431274
72.754558 -68.86599
72.782142 -70.277702
72.806542 -69.194733
72.810664 -68.962128
72.937831 -69.504936
72.937915 -69.77256
72.941734 -68.886284
72.973103 -68.432289
72.976371 -69.024078
72.992118 -69.426094
73.033181 -66.818192
73.039665 -70.505318
73.073257 -66.912819
73.080188 -69.078506
73.125306 -68.580437
73.138405 -69.566078
73.206056 -70.268257
73.222376 -67.095154
73.245894 -69.880737
73.291444 -66.960022
73.297462 -68.648354
73.355576 -68.916763
73.394164 -67.078598
73.404957 -69.718651
73.422152 -69.073898
73.430335 -68.714798
73.512351 -69.834541
73.523972 -69.765968
73.543649 -66.599892
73.559379 -69.21019
73.566326 -66.301208
73.573663 -67.093658
73.587906 -67.100311
73.59903 -70.901611
73.645546 -66.646965
73.653487 -69.339485
73.667805 -66.465866
73.672778 -69.4366
73.678207 -69.285744
73.691707 -68.962776
73.708893 -66.939491
73.738997 -66.752464
73.7477 -67.018677
73.764138 -68.222588
73.770646 -69.798615
73.7762 -67.475845
73.790355 -69.486183
73.791937 -66.845169
73.816372 -66.749367
73.83998 -67.436485
73.885345 -69.962517
73.887955 -67.338417
73.902594 -70.049271
73.918478 -69.444687
73.919471 -69.87233
73.936235 -69.310028
73.951599 -66.494888
73.970039 -69.706245
73.974836 -66.416481
73.978905 -69.725128
74.058839 -67.413483
74.063274 -66.20369
74.073144 -66.305267
74.108788 -69.673508
74.114236 -67.933502
74.114566 -69.379623
74.118794 -69.711594
74.127341 -66.302498
74.145976 -66.875214
74.147677 -68.25647
74.151578 -69.557594
74.160742 -69.549843
74.162029 -69.570976
74.163857 -67.330376
74.166304 -66.743538
74.166683 -69.698967
74.182526 -67.488174
74.210815 -66.409729
74.213229 -66.530151
74.215164 -68.005409
74.216418 -69.454292
74.227917 -67.086021
74.231543 -67.486946
74.253569 -71.013367
74.257486 -67.995209
74.284954 -67.046066
74.286438 -66.866669
74.286767 -66.39032
74.290445 -67.022011
74.295525 -67.340118
74.320065 -68.410988
74.353067 -68.844727
74.369582 -66.51738
74.375082 -69.421265
74.420186 -66.786026
74.432613 -66.857719
74.434938 -69.521049
74.437683 -65.708374
74.445788 -69.215889
74.447295 -69.391327
74.462319 -68.413147
74.467946 -69.392502
74.489212 -69.538612
74.504841 -68.799683
74.512659 -68.906418
74.523225 -69.454338
74.525095 -67.241402
74.527298 -67.241653
74.537554 -67.306412
74.565514 -70.532059
74.581543 -68.45446
74.636575 -70.346024
74.647207 -67.412933
74.650541 -70.110649
74.668893 -70.527405
74.668979 -70.162468
74.676973 -69.690598
74.677435 -70.612877
74.714423 -67.052444
74.717101 -69.425728
74.787743 -65.667702
74.834295 -68.843079
74.921413 -69.4561
74.931386 -68.523003
74.952992 -67.818863
74.964046 -70.222679
74.998596 -67.085793
75.016441 -67.454796
75.031533 -68.449997
75.04305 -67.152191
75.079411 -69.833038
75.106893 -69.533424
75.133394 -67.940735
75.136946 -70.496994
75.138724 -67.541496
75.158007 -67.764633
75.170337 -66.475151
75.199273 -68.629486
75.206093 -68.119324
75.206554 -68.434021
75.209047 -69.642174
75.229871 -66.637321
75.24744 -66.644096
75.255055 -66.10524
75.322787 -67.305038
75.343363 -70.258026
75.346114 -65.875885
75.360439 -69.272842
75.380222 -66.954361
75.384327 -68.178627
75.386393 -68.220688
75.45873 -66.130112
75.461606 -69.414696
75.480705 -70.525101
75.508911 -70.1511
75.53078 -71.33699
75.57528 -66.10759
75.626004 -70.634857
75.651005 -69.022133
75.713222 -69.08429
75.744805 -65.93792
75.758785 -67.829941
75.767477 -70.950439
75.783619 -66.230949
75.786776 -66.959686
75.787382 -66.448753
75.792006 -70.16497
75.816335 -66.624954
75.826931 -69.918381
75.835266 -69.178841
75.843004 -66.369789
75.849929 -68.925583
75.860374 -69.148941
75.876336 -69.121529
75.936254 -69.100464
75.948326 -66.530838
75.951584 -66.133018
75.956276 -68.934052
76.01716 -68.196632
76.021395 -69.018661
76.04151 -67.330482
76.049455 -67.547256
76.051742 -67.416496
76.056509 -66.43293
76.059927 -66.431381
76.061782 -66.539909
76.062157 -66.431305
76.064453 -69.026779
76.077424 -70.688591
76.077504 -68.926216
76.133796 -66.319298
76.149149 -68.748634
76.166276 -66.269897
76.167037 -68.949463
76.209054 -68.13121
76.217287 -69.062897
76.229829 -68.551895
76.229918 -68.967377
76.269629 -69.155647
76.304923 -68.553238
76.306234 -68.320549
76.326839 -71.446037
76.336289 -70.741852
76.341489 -67.120789
76.360553 -70.096542
76.365399 -66.6866
76.371157 -68.965065
76.418001 -69.211746
76.424819 -67.751686
76.474828 -68.180702
76.479575 -67.09848
76.492217 -70.534889
76.510781 -67.964752
76.536993 -71.25724
76.561725 -66.67942
76.568824 -68.368561
76.580081 -71.470123
76.595263 -69.819595
76.614421 -68.511215
76.614966 -68.364449
76.63928 -68.363991
76.68745 -68.346352
76.690052 -68.986404
76.693142 -69.049408
76.696338 -70.068787
76.69987 -70.037064
76.734175 -69.144493
76.75624 -69.149544
76.782532 -68.888756
76.814063 -70.200775
76.816581 -68.883507
76.828802 -68.427116
76.833749 -70.454239
76.871172 -68.311821
76.878954 -65.3396
76.916268 -67.895226
76.938948 -69.162407
76.976827 -69.458702
76.977897 -68.676727
76.998653 -66.655083
77.004271 -67.097099
77.008097 -67.0961
77.02987 -66.98938
77.072145 -68.725777
77.076109 -68.779739
77.160077 -67.785843
77.200906 -69.147507
77.242485 -68.48764
77.255533 -70.044601
77.260625 -69.034988
77.286327 -68.985405
77.333966 -70.457497
77.357488 -70.553963
77.366182 -68.85215
77.410685 -69.310379
77.412202 -71.400597
77.418324 -71.04985
77.471036 -68.927223
77.472865 -68.612206
77.493631 -72.441856
77.504119 -68.902481
77.527956 -67.315636
77.544668 -68.243187
77.579111 -65.274826
77.600401 -68.990623
77.611065 -68.17778
77.660807 -69.715027
77.770308 -70.243507
77.773078 -68.018791
77.818942 -68.392647
77.904951 -69.304825
77.921419 -68.723961
77.946825 -69.4328
77.960234 -69.351288
77.964982 -70.576408
77.965082 -69.026024
77.966916 -67.166054
78.003198 -65.34745
78.028352 -67.198875
78.072328 -67.298462
78.141871 -65.826668
78.197533 -69.23555
78.22591 -69.236984
78.285377 -70.139542
78.316665 -67.296463
78.319998 -69.556137
78.37822 -69.539902
78.390618 -66.571976
78.41177 -65.466476
78.42998 -68.964081
78.454106 -67.446625
78.462591 -69.115776
78.471043 -67.376289
78.473614 -67.063515
78.507998 -67.451942
78.518418 -67.264061
78.521958 -68.91243
78.546107 -69.543488
78.56421 -68.978951
78.578573 -67.263702
78.659609 -68.194641
78.707893 -69.661682
78.801971 -69.176445
78.870786 -66.810394
78.901303 -69.431702
78.933622 -68.991867
79.075968 -67.240059
79.170383 -69.656197
79.182754 -69.77739
79.386792 -69.752083
79.434664 -69.342567
79.554313 -69.874611
79.557173 -68.49041
79.575005 -69.76355
79.579719 -68.718452
79.593344 -69.545151
79.594847 -69.488861
79.604903 -69.686317
79.66851 -67.078117
79.712597 -72.120125
79.815808 -68.934425
79.81816 -69.655548
79.846065 -65.858719
79.857129 -68.859306
79.884499 -65.69799
79.959579 -66.133827
80.009071 -68.063393
80.009919 -69.08548
80.035374 -68.918663
80.095831 -69.038193
80.096192 -66.758095
80.105058 -69.498871
80.180023 -69.487755
80.184968 -68.112518
80.220844 -68.8256
80.265148 -68.048332
80.313532 -69.444946
80.325135 -69.513069
80.325806 -66.908684
80.415711 -68.203964
80.420956 -65.868645
80.445623 -71.328827
80.475188 -67.91468
80.540699 -68.672325
80.54487 -69.096001
80.548035 -68.918198
80.561819 -67.859047
80.574008 -69.353386
80.576873 -66.916389
80.590077 -69.404907
80.596557 -67.899345
80.629679 -65.371346
80.637892 -68.277718
80.645487 -67.962013
80.648671 -68.899925
80.677044 -68.850769
80.737422 -69.595337
80.743821 -65.801697
80.744668 -69.242699
80.802722 -68.781891
80.84795 -69.656616
80.902677 -66.945122
80.906945 -68.777267
80.984144 -65.937645
80.987903 -69.777115
80.988021 -69.776245
81.00443 -71.160744
81.007614 -69.85527
81.057266 -66.424736
81.067416 -69.658638
81.086366 -67.662697
81.107683 -69.514938
81.121322 -72.285049
81.135044 -68.498512
81.156232 -69.532639
81.184848 -69.630096
81.271244 -72.03624
81.278608 -65.972839
81.279504 -66.04464
81.281768 -68.012367
81.284448 -67.644135
81.292764 -67.85672
81.294778 -66.265808
81.302457 -65.95694
81.320819 -69.582993
81.337162 -66.258972
81.351781 -66.568855
81.353718 -69.862534
81.401093 -69.037949
81.405049 -66.24147
81.40648 -65.975014
81.421781 -69.241486
81.424211 -66.203209
81.460458 -66.405823
81.495743 -66.038406
81.505768 -66.761322
81.516514 -67.499176
81.531756 -66.594673
81.554556 -67.274399
81.574316 -66.050484
81.600296 -68.04702
81.620436 -69.929291
81.638552 -66.621445
81.662074 -69.423714
81.681947 -65.962448
81.721598 -69.044411
81.732915 -69.980225
81.74923 -69.082756
81.76531 -66.011261
81.775145 -66.746681
81.803598 -66.050995
81.806541 -66.273705
81.863381 -66.082886
81.879173 -66.582611
81.895353 -71.747856
81.903676 -66.670418
81.903837 -68.799065
81.943503 -66.238586
81.953638 -66.03801
81.969442 -68.985672
81.97569 -68.328835
81.978051 -68.328995
81.997478 -68.811134
82.036095 -68.92878
82.062731 -66.685516
82.070179 -69.104988
82.073984 -66.144203
82.083504 -67.038734
82.091548 -67.296677
82.110799 -66.517159
82.116361 -69.215927
82.133568 -69.200859
82.140347 -69.147591
82.148558 -69.028488
82.159055 -69.855194
82.166598 -69.050812
82.166977 -66.158905
82.16983 -66.106171
82.185051 -69.228806
82.187213 -71.970413
82.194611 -69.431656
82.194871 -70.779709
82.227691 -66.024529
82.256902 -66.649391
82.258115 -66.221855
82.267326 -69.355209
82.270476 -69.497971
82.282834 -66.600044
82.295268 -66.183044
82.339233 -66.535522
82.344639 -66.050148
82.349941 -69.471077
82.386516 -68.613655
82.412411 -67.626755
82.430658 -66.864952
82.471529 -69.122398
82.49221 -69.386147
82.509449 -67.045898
82.510236 -65.933891
82.529579 -67.261993
82.555391 -69.353394
82.580741 -65.90361
82.606141 -66.959465
82.607514 -67.221786
82.612863 -67.102829
82.61416 -66.482208
82.623667 -66.622704
82.656436 -69.722893
82.657663 -68.410896
82.66349 -69.119286
82.67394 -69.192993
82.684413 -68.60955
82.692291 -67.205116
82.705807 -67.153381
82.71537 -67.028183
82.716435 -67.636215
82.717271 -68.693733
82.729433 -66.783691
82.744578 -70.693527
82.751967 -69.18647
82.756683 -69.626312
82.791314 -67.030815
82.824149 -66.95565
82.83041 -67.011963
82.840846 -70.957069
82.869474 -71.389946
82.910079 -67.469894
82.915076 -69.04393
82.956683 -71.060585
82.982888 -69.023308
83.015543 -66.657982
83.069673 -66.395912
83.079759 -66.99791
83.086202 -68.846603
83.090473 -66.726135
83.117512 -69.606491
83.120461 -67.531967
83.130112 -71.04113
83.150667 -69.017799
83.15235 -70.806839
83.159004 -68.795959
83.187091 -66.874779
83.242337 -67.555969
83.25456 -69.374802
83.257318 -66.801491
83.284848 -69.177261
83.291798 -67.733246
83.371852 -67.338905
83.400133 -67.500008
83.401523 -69.386848
83.418096 -69.116096
83.437062 -67.000183
83.466395 -67.133904
83.475324 -68.799622
83.492801 -68.694839
83.496123 -67.537704
83.504781 -70.712234
83.535131 -68.717476
83.546271 -69.42907
83.578245 -69.438858
83.579468 -67.108109
83.585317 -68.855721
83.620125 -67.125839
83.643156 -66.973167
83.660324 -66.984283
83.666828 -67.502647
83.680276 -67.06958
83.724042 -69.133911
83.728128 -67.71991
83.73109 -67.351929
83.750996 -67.020187
83.805197 -69.24292
83.806484 -68.989159
83.855651 -69.467857
83.863142 -69.231224
83.879608 -66.756744
83.898897 -67.656158
83.899876 -69.118477
83.900594 -68.534393
83.935222 -66.882256
83.955935 -66.700485
83.965573 -69.014648
83.99922 -69.189514
84.004767 -66.844955
84.00662 -68.178719
84.015786 -69.025024
84.059698 -69.191147
84.073025 -68.963707
84.07388 -71.02211
84.080953 -68.224899
84.104967 -69.692101
84.111621 -69.397614
84.115443 -69.10833
84.116698 -69.176773
84.143504 -67.675377
84.209274 -68.96122
84.223679 -70.35643
84.236771 -69.271767
84.26094 -69.643074
84.266308 -69.167656
84.289308 -69.324539
84.29194 -69.145271
84.311686 -70.506462
84.327357 -70.22673
84.382455 -70.299202
84.392608 -69.45929
84.400341 -69.112473
84.420914 -67.72126
84.43914 -69.309685
84.451209 -69.154228
84.454298 -69.085632
84.45471 -68.91713
84.521252 -69.296501
84.564034 -69.067642
84.576233 -69.067322
84.58367 -70.493515
84.600885 -69.487045
84.611746 -69.764206
84.661939 -69.13736
84.663114 -69.105888
84.677308 -69.017288
84.679486 -69.025673
84.690442 -69.106178
84.690958 -66.614372
84.715095 -69.13533
84.721164 -70.717834
84.738261 -68.948074
84.745164 -67.188858
84.76943 -67.879074
84.769867 -69.069397
84.77477 -69.274086
84.783639 -70.337944
84.798453 -69.510391
84.812588 -68.200294
84.834334 -69.107307
84.916091 -69.20118
84.916984 -69.742706
84.947372 -67.326729
84.949506 -69.267471
84.979328 -67.15332
84.98221 -69.273872
85.004564 -69.581306
85.03308 -67.099304
85.049669 -68.481689
85.053551 -69.581863
85.056237 -69.579239
85.061051 -68.031303
85.067588 -66.67672
85.072987 -69.515961
85.074858 -69.468552
85.080661 -69.689636
85.088533 -69.3116
85.104934 -69.311783
85.137987 -67.211502
85.145193 -69.66127
85.147967 -68.117111
85.187421 -70.352684
85.241643 -69.23159
85.244159 -69.25267
85.249355 -69.644539
85.279678 -71.507668
85.282366 -68.715179
85.284794 -67.3564
85.287083 -69.374931
85.288253 -69.180138
85.289906 -69.179497
85.313089 -69.241997
85.31339 -67.428017
85.320522 -69.169754
85.320719 -68.774788
85.325201 -69.498383
85.335081 -69.255928
85.375419 -69.325356
85.41332 -69.823555
85.417021 -68.606743
85.419263 -69.368065
85.436136 -69.587502
85.44976 -67.424591
85.453935 -69.297897
85.465791 -70.423386
85.480018 -66.739258
85.497118 -69.729179
85.498134 -67.343369
85.500693 -69.212509
85.507777 -68.714325
85.532318 -69.280785
85.535084 -69.211502
85.537535 -69.216705
85.538861 -68.458649
85.549741 -69.207756
85.554417 -69.20118
85.560769 -68.51284
85.564934 -68.176895
85.576602 -68.461136
85.58733 -69.487892
85.603976 -68.371994
85.605136 -69.479073
85.621564 -67.328308
85.629423 -68.268906
85.649797 -69.069824
85.655485 -70.784775
85.68147 -68.231514
85.692075 -67.812019
85.711686 -71.136505
85.726536 -68.215897
85.763473 -67.468979
85.824277 -69.69725
85.885111 -68.3144
85.92611 -68.58667
86.007315 -67.633423
86.014336 -69.902939
86.018106 -70.90406
86.050507 -69.228134
86.116863 -69.801651
86.129225 -69.337624
86.136478 -67.576225
86.164983 -66.87178
86.201296 -71.041496
86.20323 -69.539848
86.210766 -67.494606
86.31922 -68.99778
86.332 -67.509865
86.368152 -67.688766
86.46637 -67.240532
86.476941 -67.333168
86.499385 -71.228409
86.507263 -66.990051
86.528952 -67.713066
86.529825 -67.78405
86.542931 -68.006226
86.560745 -67.568611
86.660324 -68.772453
86.675929 -68.008675
86.717654 -66.478897
86.799484 -70.73085
86.875798 -69.451698
86.953271 -67.446732
87.000617 -66.89904
87.10471 -67.297897
87.108805 -67.466377
87.196465 -70.560646
87.212245 -68.168159
87.261889 -70.041725
87.388258 -67.503075
87.475183 -68.245125
87.564943 -67.729652
87.747479 -67.471336
87.799833 -70.913277
87.893788 -67.519714
88.012595 -68.120979
88.22397 -69.48793
88.257561 -69.996269
89.12085 -69.366364
89.406794 -68.133484
89.45843 -68.462112
89.50263 -67.944778
90.085395 -70.364693
90.110404 -69.621155
90.603388 -68.215889
91.016797 -69.468666
91.330144 -69.310341
